123.000000
10.000000
32.000000
32.000000
34.000000
83.000000
34.000000
58.000000
32.000000
123.000000
10.000000
32.000000
32.000000
32.000000
32.000000
34.000000
108.000000
97.000000
98.000000
101.000000
108.000000
34.000000
58.000000
32.000000
34.000000
78.000000
117.000000
109.000000
49.000000
34.000000
44.000000
10.000000
32.000000
32.000000
32.000000
32.000000
34.000000
82.000000
115.000000
49.000000
34.000000
58.000000
32.000000
123.000000
125.000000
44.000000
10.000000
32.000000
32.000000
32.000000
32.000000
34.000000
82.000000
115.000000
50.000000
34.000000
58.000000
32.000000
123.000000
125.000000
44.000000
10.000000
32.000000
32.000000
32.000000
32.000000
34.000000
82.000000
115.000000
51.000000
34.000000
58.000000
32.000000
123.000000
125.000000
44.000000
10.000000
32.000000
32.000000
32.000000
32.000000
34.000000
82.000000
115.000000
52.000000
34.000000
58.000000
32.000000
123.000000
125.000000
44.000000
10.000000
32.000000
32.000000
32.000000
32.000000
34.000000
76.000000
115.000000
49.000000
34.000000
58.000000
32.000000
123.000000
10.000000
32.000000
32.000000
32.000000
32.000000
32.000000
32.000000
34.000000
107.000000
56.000000
34.000000
58.000000
32.000000
123.000000
10.000000
32.000000
32.000000
32.000000
32.000000
32.000000
32.000000
32.000000
32.000000
34.000000
112.000000
101.000000
114.000000
99.000000
34.000000
58.000000
32.000000
48.000000
44.000000
10.000000
32.000000
32.000000
32.000000
32.000000
32.000000
32.000000
32.000000
32.000000
34.000000
112.000000
111.000000
108.000000
34.000000
58.000000
32.000000
48.000000
44.000000
10.000000
32.000000
32.000000
32.000000
32.000000
32.000000
32.000000
32.000000
32.000000
34.000000
105.000000
109.000000
112.000000
34.000000
58.000000
32.000000
49.000000
10.000000
32.000000
32.000000
32.000000
32.000000
32.000000
32.000000
125.000000
44.000000
10.000000
32.000000
32.000000
32.000000
32.000000
32.000000
32.000000
34.000000
107.000000
57.000000
34.000000
58.000000
32.000000
123.000000
10.000000
32.000000
32.000000
32.000000
32.000000
32.000000
32.000000
32.000000
32.000000
34.000000
112.000000
101.000000
114.000000
99.000000
34.000000
58.000000
32.000000
48.000000
44.000000
10.000000
32.000000
32.000000
32.000000
32.000000
32.000000
32.000000
32.000000
32.000000
34.000000
112.000000
111.000000
108.000000
34.000000
58.000000
32.000000
48.000000
44.000000
10.000000
32.000000
32.000000
32.000000
32.000000
32.000000
32.000000
32.000000
32.000000
34.000000
105.000000
109.000000
112.000000
34.000000
58.000000
32.000000
49.000000
10.000000
32.000000
32.000000
32.000000
32.000000
32.000000
32.000000
125.000000
44.000000
10.000000
32.000000
32.000000
32.000000
32.000000
32.000000
32.000000
34.000000
107.000000
49.000000
48.000000
34.000000
58.000000
32.000000
123.000000
10.000000
32.000000
32.000000
32.000000
32.000000
32.000000
32.000000
32.000000
32.000000
34.000000
112.000000
101.000000
114.000000
99.000000
34.000000
58.000000
32.000000
48.000000
44.000000
10.000000
32.000000
32.000000
32.000000
32.000000
32.000000
32.000000
32.000000
32.000000
34.000000
112.000000
111.000000
108.000000
34.000000
58.000000
32.000000
48.000000
44.000000
10.000000
32.000000
32.000000
32.000000
32.000000
32.000000
32.000000
32.000000
32.000000
34.000000
105.000000
109.000000
112.000000
34.000000
58.000000
32.000000
49.000000
10.000000
32.000000
32.000000
32.000000
32.000000
32.000000
32.000000
125.000000
44.000000
10.000000
32.000000
32.000000
32.000000
32.000000
32.000000
32.000000
34.000000
107.000000
49.000000
49.000000
34.000000
58.000000
32.000000
123.000000
10.000000
32.000000
32.000000
32.000000
32.000000
32.000000
32.000000
32.000000
32.000000
34.000000
112.000000
101.000000
114.000000
99.000000
34.000000
58.000000
32.000000
48.000000
44.000000
10.000000
32.000000
32.000000
32.000000
32.000000
32.000000
32.000000
32.000000
32.000000
34.000000
112.000000
111.000000
108.000000
34.000000
58.000000
32.000000
48.000000
44.000000
10.000000
32.000000
32.000000
32.000000
32.000000
32.000000
32.000000
32.000000
32.000000
34.000000
105.000000
109.000000
112.000000
34.000000
58.000000
32.000000
49.000000
10.000000
32.000000
32.000000
32.000000
32.000000
32.000000
32.000000
125.000000
44.000000
10.000000
32.000000
32.000000
32.000000
32.000000
32.000000
32.000000
34.000000
107.000000
49.000000
50.000000
34.000000
58.000000
32.000000
123.000000
10.000000
32.000000
32.000000
32.000000
32.000000
32.000000
32.000000
32.000000
32.000000
34.000000
112.000000
101.000000
114.000000
99.000000
34.000000
58.000000
32.000000
48.000000
44.000000
10.000000
32.000000
32.000000
32.000000
32.000000
32.000000
32.000000
32.000000
32.000000
34.000000
112.000000
111.000000
108.000000
34.000000
58.000000
32.000000
48.000000
44.000000
10.000000
32.000000
32.000000
32.000000
32.000000
32.000000
32.000000
32.000000
32.000000
34.000000
105.000000
109.000000
112.000000
34.000000
58.000000
32.000000
49.000000
10.000000
32.000000
32.000000
32.000000
32.000000
32.000000
32.000000
125.000000
44.000000
10.000000
32.000000
32.000000
32.000000
32.000000
32.000000
32.000000
34.000000
107.000000
49.000000
51.000000
34.000000
58.000000
32.000000
123.000000
10.000000
32.000000
32.000000
32.000000
32.000000
32.000000
32.000000
32.000000
32.000000
34.000000
112.000000
101.000000
114.000000
99.000000
34.000000
58.000000
32.000000
48.000000
44.000000
10.000000
32.000000
32.000000
32.000000
32.000000
32.000000
32.000000
32.000000
32.000000
34.000000
112.000000
111.000000
108.000000
34.000000
58.000000
32.000000
48.000000
44.000000
10.000000
32.000000
32.000000
32.000000
32.000000
32.000000
32.000000
32.000000
32.000000
34.000000
105.000000
109.000000
112.000000
34.000000
58.000000
32.000000
49.000000
10.000000
32.000000
32.000000
32.000000
32.000000
32.000000
32.000000
125.000000
44.000000
10.000000
32.000000
32.000000
32.000000
32.000000
32.000000
32.000000
34.000000
107.000000
49.000000
52.000000
34.000000
58.000000
32.000000
123.000000
10.000000
32.000000
32.000000
32.000000
32.000000
32.000000
32.000000
32.000000
32.000000
34.000000
112.000000
101.000000
114.000000
99.000000
34.000000
58.000000
32.000000
48.000000
44.000000
10.000000
32.000000
32.000000
32.000000
32.000000
32.000000
32.000000
32.000000
32.000000
34.000000
112.000000
111.000000
108.000000
34.000000
58.000000
32.000000
48.000000
44.000000
10.000000
32.000000
32.000000
32.000000
32.000000
32.000000
32.000000
32.000000
32.000000
34.000000
105.000000
109.000000
112.000000
34.000000
58.000000
32.000000
49.000000
10.000000
32.000000
32.000000
32.000000
32.000000
32.000000
32.000000
125.000000
44.000000
10.000000
32.000000
32.000000
32.000000
32.000000
32.000000
32.000000
34.000000
107.000000
49.000000
53.000000
34.000000
58.000000
32.000000
123.000000
10.000000
32.000000
32.000000
32.000000
32.000000
32.000000
32.000000
32.000000
32.000000
34.000000
112.000000
101.000000
114.000000
99.000000
34.000000
58.000000
32.000000
49.000000
48.000000
48.000000
44.000000
10.000000
32.000000
32.000000
32.000000
32.000000
32.000000
32.000000
32.000000
32.000000
34.000000
112.000000
111.000000
108.000000
34.000000
58.000000
32.000000
49.000000
44.000000
10.000000
32.000000
32.000000
32.000000
32.000000
32.000000
32.000000
32.000000
32.000000
34.000000
105.000000
109.000000
112.000000
34.000000
58.000000
32.000000
49.000000
10.000000
32.000000
32.000000
32.000000
32.000000
32.000000
32.000000
125.000000
44.000000
10.000000
32.000000
32.000000
32.000000
32.000000
32.000000
32.000000
34.000000
99.000000
97.000000
115.000000
101.000000
34.000000
58.000000
32.000000
123.000000
10.000000
32.000000
32.000000
32.000000
32.000000
32.000000
32.000000
32.000000
32.000000
34.000000
112.000000
101.000000
114.000000
99.000000
34.000000
58.000000
32.000000
49.000000
48.000000
48.000000
44.000000
10.000000
32.000000
32.000000
32.000000
32.000000
32.000000
32.000000
32.000000
32.000000
34.000000
112.000000
111.000000
108.000000
34.000000
58.000000
32.000000
50.000000
10.000000
32.000000
32.000000
32.000000
32.000000
32.000000
32.000000
125.000000
44.000000
10.000000
32.000000
32.000000
32.000000
32.000000
32.000000
32.000000
34.000000
97.000000
109.000000
112.000000
34.000000
58.000000
32.000000
34.000000
49.000000
48.000000
34.000000
44.000000
10.000000
32.000000
32.000000
32.000000
32.000000
32.000000
32.000000
34.000000
102.000000
114.000000
101.000000
113.000000
117.000000
101.000000
110.000000
99.000000
121.000000
34.000000
58.000000
32.000000
34.000000
49.000000
51.000000
48.000000
34.000000
44.000000
10.000000
32.000000
32.000000
32.000000
32.000000
32.000000
32.000000
34.000000
112.000000
117.000000
108.000000
115.000000
101.000000
119.000000
105.000000
100.000000
116.000000
104.000000
34.000000
58.000000
32.000000
34.000000
54.000000
48.000000
34.000000
10.000000
32.000000
32.000000
32.000000
32.000000
125.000000
44.000000
10.000000
32.000000
32.000000
32.000000
32.000000
34.000000
76.000000
115.000000
50.000000
34.000000
58.000000
32.000000
123.000000
125.000000
44.000000
10.000000
32.000000
32.000000
32.000000
32.000000
34.000000
76.000000
115.000000
51.000000
34.000000
58.000000
32.000000
123.000000
125.000000
44.000000
10.000000
32.000000
32.000000
32.000000
32.000000
34.000000
76.000000
115.000000
52.000000
34.000000
58.000000
32.000000
123.000000
125.000000
44.000000
10.000000
32.000000
32.000000
32.000000
32.000000
34.000000
97.000000
99.000000
116.000000
105.000000
118.000000
101.000000
34.000000
58.000000
32.000000
91.000000
10.000000
32.000000
32.000000
32.000000
32.000000
32.000000
32.000000
49.000000
44.000000
10.000000
32.000000
32.000000
32.000000
32.000000
32.000000
32.000000
48.000000
10.000000
32.000000
32.000000
32.000000
32.000000
93.000000
44.000000
10.000000
32.000000
32.000000
32.000000
32.000000
34.000000
109.000000
111.000000
100.000000
101.000000
108.000000
34.000000
58.000000
32.000000
34.000000
34.000000
44.000000
10.000000
32.000000
32.000000
32.000000
32.000000
34.000000
109.000000
111.000000
110.000000
111.000000
112.000000
111.000000
108.000000
97.000000
114.000000
109.000000
111.000000
100.000000
101.000000
108.000000
34.000000
58.000000
32.000000
34.000000
34.000000
44.000000
10.000000
32.000000
32.000000
32.000000
32.000000
34.000000
97.000000
109.000000
112.000000
108.000000
105.000000
116.000000
117.000000
100.000000
101.000000
34.000000
58.000000
32.000000
123.000000
10.000000
32.000000
32.000000
32.000000
32.000000
32.000000
32.000000
34.000000
49.000000
34.000000
58.000000
32.000000
34.000000
49.000000
48.000000
34.000000
10.000000
32.000000
32.000000
32.000000
32.000000
125.000000
44.000000
10.000000
32.000000
32.000000
32.000000
32.000000
34.000000
97.000000
99.000000
116.000000
105.000000
118.000000
101.000000
99.000000
111.000000
110.000000
116.000000
97.000000
99.000000
116.000000
115.000000
34.000000
58.000000
32.000000
91.000000
10.000000
32.000000
32.000000
32.000000
32.000000
32.000000
32.000000
110.000000
117.000000
108.000000
108.000000
44.000000
10.000000
32.000000
32.000000
32.000000
32.000000
32.000000
32.000000
91.000000
10.000000
32.000000
32.000000
32.000000
32.000000
32.000000
32.000000
32.000000
32.000000
48.000000
44.000000
10.000000
32.000000
32.000000
32.000000
32.000000
32.000000
32.000000
32.000000
32.000000
48.000000
44.000000
10.000000
32.000000
32.000000
32.000000
32.000000
32.000000
32.000000
32.000000
32.000000
48.000000
44.000000
10.000000
32.000000
32.000000
32.000000
32.000000
32.000000
32.000000
32.000000
32.000000
48.000000
44.000000
10.000000
32.000000
32.000000
32.000000
32.000000
32.000000
32.000000
32.000000
32.000000
48.000000
44.000000
10.000000
32.000000
32.000000
32.000000
32.000000
32.000000
32.000000
32.000000
32.000000
48.000000
44.000000
10.000000
32.000000
32.000000
32.000000
32.000000
32.000000
32.000000
32.000000
32.000000
48.000000
44.000000
10.000000
32.000000
32.000000
32.000000
32.000000
32.000000
32.000000
32.000000
32.000000
49.000000
10.000000
32.000000
32.000000
32.000000
32.000000
32.000000
32.000000
93.000000
10.000000
32.000000
32.000000
32.000000
32.000000
93.000000
44.000000
10.000000
32.000000
32.000000
32.000000
32.000000
34.000000
116.000000
101.000000
109.000000
112.000000
108.000000
97.000000
116.000000
101.000000
34.000000
58.000000
32.000000
34.000000
119.000000
97.000000
114.000000
112.000000
34.000000
44.000000
10.000000
32.000000
32.000000
32.000000
32.000000
34.000000
115.000000
111.000000
117.000000
114.000000
99.000000
101.000000
115.000000
34.000000
58.000000
32.000000
91.000000
10.000000
32.000000
32.000000
32.000000
32.000000
32.000000
32.000000
49.000000
10.000000
32.000000
32.000000
32.000000
32.000000
93.000000
44.000000
10.000000
32.000000
32.000000
32.000000
32.000000
34.000000
101.000000
108.000000
109.000000
111.000000
100.000000
101.000000
108.000000
34.000000
58.000000
32.000000
91.000000
10.000000
32.000000
32.000000
32.000000
32.000000
32.000000
32.000000
34.000000
66.000000
111.000000
115.000000
116.000000
111.000000
110.000000
67.000000
97.000000
114.000000
116.000000
101.000000
115.000000
105.000000
97.000000
84.000000
101.000000
115.000000
116.000000
34.000000
44.000000
10.000000
32.000000
32.000000
32.000000
32.000000
32.000000
32.000000
34.000000
66.000000
111.000000
115.000000
116.000000
111.000000
110.000000
67.000000
97.000000
114.000000
116.000000
101.000000
115.000000
105.000000
97.000000
84.000000
101.000000
115.000000
116.000000
34.000000
10.000000
32.000000
32.000000
32.000000
32.000000
93.000000
10.000000
32.000000
32.000000
125.000000
10.000000
125.000000
