1
2
3
4
5
6
7
8
9
10
11
12
13
14
15
16
17
18
19
20
21
22
23
24
25
26
27
28
29
30
31
32
34
35
36
37
38
39
40
41
42
43
44
45
46
47
48
49
50
51
52
53
54
55
56
57
58
59
60
61
62
63
64
66
67
68
69
70
103
104
105
106
107
108
109
110
111
112
113
114
115
116
117
118
119
120
121
122
123
125
126
127
128
129
130
131
132
133
134
135
136
137
138
139
140
142
143
144
145
147
148
149
151
152
153
154
157
159
160
161
162
163
164
165
166
167
168
170
171
175
176
177
178
179
180
181
182
183
184
185
186
188
189
190
191
192
193
194
195
196
197
198
199
200
201
202
203
204
205
206
207
208
209
210
211
212
213
215
216
217
218
219
220
221
222
223
224
225
226
227
228
229
230
231
232
510
511
512
513
514
307
319
445
340
466
331
356
311
302
324
346
477
478
508
509
479
480
436
437
474
490
317
386
488
489
487
352
455
381
